cnf_runtime: 1.93134e+09
a1_runtime: 22
a2_runtime: 58
a1_ratio: 1
a2_ratio: 1.55556
cnf_runtime: 1.93157e+09
a1_runtime: 26
a2_runtime: 35
a1_ratio: 1
a2_ratio: 1.55556
cnf_runtime: 1.93432e+09
a1_runtime: 30
a2_runtime: 39
a1_ratio: 1
a2_ratio: 1.55556
cnf_runtime: 2.0484e+09
a1_runtime: 32
a2_runtime: 41
a1_ratio: 1
a2_ratio: 1.55556
